5.860000000000001e-07 -0.20385018533515842
5.860822784810126e-07 -0.008969940688542904
5.861645569620254e-07 -0.008871654060715854
5.86246835443038e-07 0.004997027155917059
5.863291139240506e-07 -0.014250577677776889
5.864113924050634e-07 0.013207906505706253
5.86493670886076e-07 -0.12111941250275803
5.865759493670886e-07 0.053765170671577205
5.866582278481014e-07 0.047066174617890935
5.86740506329114e-07 0.08452416152251152
5.868227848101266e-07 -0.1900388316596742
5.869050632911392e-07 -0.01872801623088226
5.869873417721519e-07 0.017401637983967023
5.870696202531646e-07 -0.004467087422066966
5.871518987341772e-07 0.001285125898685638
5.8723417721519e-07 -0.20532142772235754
5.873164556962026e-07 -0.0257414540876572
5.873987341772152e-07 -0.09351675359684145
5.87481012658228e-07 0.051688912131304374
5.875632911392405e-07 -0.130852447245939
5.876455696202531e-07 0.09746077330863946
5.877278481012659e-07 0.035391796240717734
5.878101265822785e-07 0.10299792498324133
5.878924050632911e-07 0.05141207594750099
5.879746835443039e-07 -0.03803634043923477
5.880569620253165e-07 -0.00045008823680200635
5.881392405063292e-07 -0.04386810802927928
5.882215189873419e-07 0.02142926248502541
5.883037974683544e-07 0.04681926104093265
5.883860759493671e-07 -0.016011196932752214
5.884683544303797e-07 0.11485533207796188
5.885506329113924e-07 0.3716929569125053
5.886329113924051e-07 0.7782403475040394
5.887151898734177e-07 1.0248423842489056
5.887974683544305e-07 1.4847444458866645
5.888797468354431e-07 1.7575977711421233
5.889620253164557e-07 1.9065293119135331
5.890443037974685e-07 2.1537080051622763
5.89126582278481e-07 2.054894190565621
5.892088607594936e-07 1.5303163794548809
5.892911392405064e-07 1.547688297480473
5.89373417721519e-07 1.3420918220168458
5.894556962025317e-07 1.2788734442943455
5.895379746835444e-07 1.0899773875386356
5.89620253164557e-07 1.1034954813393212
5.897025316455697e-07 1.0715793744312796
5.897848101265824e-07 0.6454581127758996
5.898670886075949e-07 0.5876667427577402
5.899493670886076e-07 0.39718345496673396
5.900316455696202e-07 0.2115951693046809
5.90113924050633e-07 0.17765817116431148
5.901962025316456e-07 0.30037372820378827
5.902784810126582e-07 0.08730356574270419
5.90360759493671e-07 -0.0023216395089373006
5.904430379746836e-07 -0.16152390669167951
5.905253164556962e-07 0.024486536535811114
5.906075949367089e-07 0.07015069573193168
5.906898734177215e-07 -0.10495200549645328
5.907721518987342e-07 -0.006414504503939302
5.908544303797469e-07 0.06046997770173441
5.909367088607595e-07 -0.04075189345978488
5.910189873417722e-07 -0.019082672730292214
5.911012658227849e-07 -0.11589879870328551
5.911835443037975e-07 0.033652621707385984
5.912658227848102e-07 -0.17942554810005945
5.913481012658228e-07 -0.24016943889367945
5.914303797468355e-07 -0.11769819572638403
5.915126582278481e-07 -0.010917025690403256
5.915949367088608e-07 -0.04323060123213762
5.916772151898735e-07 -0.08212714912141551
5.917594936708861e-07 -0.03664611175217794
5.918417721518987e-07 0.05580477235618349
5.919240506329115e-07 0.10194829486484276
5.920063291139241e-07 -0.1469173373617738
5.920886075949367e-07 0.021028492633432993
5.921708860759494e-07 0.17889862115276808
5.92253164556962e-07 0.010888529716281882
5.923354430379747e-07 -0.006770822215570878
5.924177215189874e-07 0.02323948839581269
5.925e-07 -0.06973857198764037
